0 0 0.309017 0.587785 0.809017 0.951057 1 0.951057 0.809017 0.587785 0.309017 0 
0.001 0 0.308715 0.58721 0.808225 0.950126 0.999022 0.950126 0.808225 0.58721 0.308715 0 
0.002 0 0.308413 0.586636 0.807435 0.949196 0.998044 0.949196 0.807435 0.586636 0.308413 0 
0.003 0 0.308111 0.586062 0.806645 0.948268 0.997068 0.948268 0.806645 0.586062 0.308111 0 
0.004 0 0.307809 0.585488 0.805855 0.94734 0.996092 0.94734 0.805855 0.585488 0.307809 0 
0.005 0 0.307508 0.584915 0.805067 0.946413 0.995118 0.946413 0.805067 0.584915 0.307508 0 
0.006 0 0.307207 0.584343 0.804279 0.945487 0.994144 0.945487 0.804279 0.584343 0.307207 0 
0.007 0 0.306907 0.583771 0.803492 0.944562 0.993171 0.944562 0.803492 0.583771 0.306907 0 
0.008 0 0.306607 0.5832 0.802706 0.943638 0.9922 0.943638 0.802706 0.5832 0.306607 0 
0.009 0 0.306307 0.58263 0.801921 0.942715 0.991229 0.942715 0.801921 0.58263 0.306307 0 
0.01 0 0.306007 0.58206 0.801136 0.941792 0.990259 0.941792 0.801136 0.58206 0.306007 0 
0.011 0 0.305707 0.58149 0.800353 0.940871 0.98929 0.940871 0.800353 0.58149 0.305707 0 
0.012 0 0.305408 0.580921 0.79957 0.93995 0.988322 0.93995 0.79957 0.580921 0.305408 0 
0.013 0 0.30511 0.580353 0.798787 0.939031 0.987355 0.939031 0.798787 0.580353 0.30511 0 
0.014 0 0.304811 0.579785 0.798006 0.938112 0.986389 0.938112 0.798006 0.579785 0.304811 0 
0.015 0 0.304513 0.579218 0.797225 0.937194 0.985424 0.937194 0.797225 0.579218 0.304513 0 
0.016 0 0.304215 0.578651 0.796445 0.936277 0.98446 0.936277 0.796445 0.578651 0.304215 0 
0.017 0 0.303917 0.578085 0.795666 0.935361 0.983497 0.935361 0.795666 0.578085 0.303917 0 
0.018 0 0.30362 0.577519 0.794887 0.934446 0.982535 0.934446 0.794887 0.577519 0.30362 0 
0.019 0 0.303323 0.576954 0.79411 0.933532 0.981573 0.933532 0.79411 0.576954 0.303323 0 
0.02 0 0.303026 0.57639 0.793333 0.932618 0.980613 0.932618 0.793333 0.57639 0.303026 0 
0.021 0 0.30273 0.575826 0.792556 0.931706 0.979654 0.931706 0.792556 0.575826 0.30273 0 
0.022 0 0.302433 0.575263 0.791781 0.930794 0.978695 0.930794 0.791781 0.575263 0.302433 0 
0.023 0 0.302138 0.5747 0.791006 0.929884 0.977738 0.929884 0.791006 0.5747 0.302138 0 
0.024 0 0.301842 0.574137 0.790232 0.928974 0.976781 0.928974 0.790232 0.574137 0.301842 0 
0.025 0 0.301547 0.573576 0.789459 0.928065 0.975825 0.928065 0.789459 0.573576 0.301547 0 
0.026 0 0.301252 0.573015 0.788687 0.927157 0.974871 0.927157 0.788687 0.573015 0.301252 0 
0.027 0 0.300957 0.572454 0.787915 0.92625 0.973917 0.92625 0.787915 0.572454 0.300957 0 
0.028 0 0.300662 0.571894 0.787144 0.925344 0.972964 0.925344 0.787144 0.571894 0.300662 0 
0.029 0 0.300368 0.571334 0.786374 0.924438 0.972012 0.924438 0.786374 0.571334 0.300368 0 
0.03 0 0.300074 0.570775 0.785605 0.923534 0.971061 0.923534 0.785605 0.570775 0.300074 0 
0.031 0 0.299781 0.570217 0.784836 0.92263 0.970111 0.92263 0.784836 0.570217 0.299781 0 
0.032 0 0.299487 0.569659 0.784068 0.921728 0.969162 0.921728 0.784068 0.569659 0.299487 0 
0.033 0 0.299194 0.569102 0.783301 0.920826 0.968213 0.920826 0.783301 0.569102 0.299194 0 
0.034 0 0.298902 0.568545 0.782535 0.919925 0.967266 0.919925 0.782535 0.568545 0.298902 0 
0.035 0 0.298609 0.567989 0.781769 0.919025 0.96632 0.919025 0.781769 0.567989 0.298609 0 
0.036 0 0.298317 0.567433 0.781004 0.918126 0.965374 0.918126 0.781004 0.567433 0.298317 0 
0.037 0 0.298025 0.566878 0.78024 0.917227 0.96443 0.917227 0.78024 0.566878 0.298025 0 
0.038 0 0.297734 0.566323 0.779477 0.91633 0.963486 0.91633 0.779477 0.566323 0.297734 0 
0.039 0 0.297442 0.565769 0.778714 0.915433 0.962544 0.915433 0.778714 0.565769 0.297442 0 
0.04 0 0.297151 0.565215 0.777952 0.914538 0.961602 0.914538 0.777952 0.565215 0.297151 0 
0.041 0 0.296861 0.564662 0.777191 0.913643 0.960661 0.913643 0.777191 0.564662 0.296861 0 
0.042 0 0.29657 0.56411 0.776431 0.912749 0.959721 0.912749 0.776431 0.56411 0.29657 0 
0.043 0 0.29628 0.563558 0.775671 0.911856 0.958782 0.911856 0.775671 0.563558 0.29628 0 
0.044 0 0.29599 0.563007 0.774912 0.910964 0.957844 0.910964 0.774912 0.563007 0.29599 0 
0.045 0 0.295701 0.562456 0.774154 0.910073 0.956907 0.910073 0.774154 0.562456 0.295701 0 
0.046 0 0.295411 0.561905 0.773397 0.909182 0.955971 0.909182 0.773397 0.561905 0.295411 0 
0.047 0 0.295122 0.561356 0.77264 0.908293 0.955035 0.908293 0.77264 0.561356 0.295122 0 
0.048 0 0.294833 0.560806 0.771884 0.907404 0.954101 0.907404 0.771884 0.560806 0.294833 0 
0.049 0 0.294545 0.560258 0.771129 0.906516 0.953168 0.906516 0.771129 0.560258 0.294545 0 
0.05 0 0.294257 0.55971 0.770374 0.905629 0.952235 0.905629 0.770374 0.55971 0.294257 0 
0.051 0 0.293969 0.559162 0.769621 0.904743 0.951303 0.904743 0.769621 0.559162 0.293969 0 
0.052 0 0.293681 0.558615 0.768868 0.903858 0.950373 0.903858 0.768868 0.558615 0.293681 0 
0.053 0 0.293394 0.558068 0.768115 0.902974 0.949443 0.902974 0.768115 0.558068 0.293394 0 
0.054 0 0.293107 0.557522 0.767364 0.90209 0.948514 0.90209 0.767364 0.557522 0.293107 0 
0.055 0 0.29282 0.556977 0.766613 0.901208 0.947586 0.901208 0.766613 0.556977 0.29282 0 
0.056 0 0.292534 0.556432 0.765863 0.900326 0.946659 0.900326 0.765863 0.556432 0.292534 0 
0.057 0 0.292247 0.555888 0.765114 0.899445 0.945732 0.899445 0.765114 0.555888 0.292247 0 
0.058 0 0.291961 0.555344 0.764365 0.898565 0.944807 0.898565 0.764365 0.555344 0.291961 0 
0.059 0 0.291676 0.5548 0.763617 0.897686 0.943883 0.897686 0.763617 0.5548 0.291676 0 
0.06 0 0.29139 0.554258 0.76287 0.896808 0.942959 0.896808 0.76287 0.554258 0.29139 0 
0.061 0 0.291105 0.553715 0.762124 0.89593 0.942037 0.89593 0.762124 0.553715 0.291105 0 
0.062 0 0.290821 0.553174 0.761378 0.895054 0.941115 0.895054 0.761378 0.553174 0.290821 0 
0.063 0 0.290536 0.552632 0.760633 0.894178 0.940194 0.894178 0.760633 0.552632 0.290536 0 
0.064 0 0.290252 0.552092 0.759889 0.893303 0.939274 0.893303 0.759889 0.552092 0.290252 0 
0.065 0 0.289968 0.551551 0.759145 0.892429 0.938355 0.892429 0.759145 0.551551 0.289968 0 
0.066 0 0.289684 0.551012 0.758403 0.891556 0.937437 0.891556 0.758403 0.551012 0.289684 0 
0.067 0 0.289401 0.550473 0.757661 0.890684 0.93652 0.890684 0.757661 0.550473 0.289401 0 
0.068 0 0.289117 0.549934 0.756919 0.889812 0.935604 0.889812 0.756919 0.549934 0.289117 0 
0.069 0 0.288835 0.549396 0.756179 0.888942 0.934688 0.888942 0.756179 0.549396 0.288835 0 
0.07 0 0.288552 0.548859 0.755439 0.888072 0.933774 0.888072 0.755439 0.548859 0.288552 0 
0.071 0 0.28827 0.548322 0.7547 0.887203 0.93286 0.887203 0.7547 0.548322 0.28827 0 
0.072 0 0.287988 0.547785 0.753962 0.886335 0.931948 0.886335 0.753962 0.547785 0.287988 0 
0.073 0 0.287706 0.547249 0.753224 0.885468 0.931036 0.885468 0.753224 0.547249 0.287706 0 
0.074 0 0.287424 0.546714 0.752487 0.884601 0.930125 0.884601 0.752487 0.546714 0.287424 0 
0.075 0 0.287143 0.546179 0.751751 0.883736 0.929215 0.883736 0.751751 0.546179 0.287143 0 
0.076 0 0.286862 0.545644 0.751015 0.882871 0.928306 0.882871 0.751015 0.545644 0.286862 0 
0.077 0 0.286582 0.545111 0.75028 0.882007 0.927398 0.882007 0.75028 0.545111 0.286582 0 
0.078 0 0.286301 0.544577 0.749546 0.881145 0.92649 0.881145 0.749546 0.544577 0.286301 0 
0.079 0 0.286021 0.544044 0.748813 0.880282 0.925584 0.880282 0.748813 0.544044 0.286021 0 
0.08 0 0.285741 0.543512 0.74808 0.879421 0.924678 0.879421 0.74808 0.543512 0.285741 0 
0.081 0 0.285462 0.54298 0.747348 0.878561 0.923773 0.878561 0.747348 0.54298 0.285462 0 
0.082 0 0.285182 0.542449 0.746617 0.877701 0.92287 0.877701 0.746617 0.542449 0.285182 0 
0.083 0 0.284903 0.541918 0.745887 0.876842 0.921967 0.876842 0.745887 0.541918 0.284903 0 
0.084 0 0.284625 0.541388 0.745157 0.875985 0.921065 0.875985 0.745157 0.541388 0.284625 0 
0.085 0 0.284346 0.540859 0.744428 0.875127 0.920163 0.875127 0.744428 0.540859 0.284346 0 
0.086 0 0.284068 0.540329 0.7437 0.874271 0.919263 0.874271 0.7437 0.540329 0.284068 0 
0.087 0 0.28379 0.539801 0.742972 0.873416 0.918364 0.873416 0.742972 0.539801 0.28379 0 
0.088 0 0.283512 0.539273 0.742245 0.872561 0.917465 0.872561 0.742245 0.539273 0.283512 0 
0.089 0 0.283235 0.538745 0.741519 0.871708 0.916568 0.871708 0.741519 0.538745 0.283235 0 
0.09 0 0.282958 0.538218 0.740793 0.870855 0.915671 0.870855 0.740793 0.538218 0.282958 0 
0.091 0 0.282681 0.537691 0.740069 0.870003 0.914775 0.870003 0.740069 0.537691 0.282681 0 
0.092 0 0.282404 0.537165 0.739344 0.869152 0.91388 0.869152 0.739344 0.537165 0.282404 0 
0.093 0 0.282128 0.53664 0.738621 0.868301 0.912986 0.868301 0.738621 0.53664 0.282128 0 
0.094 0 0.281852 0.536115 0.737898 0.867452 0.912093 0.867452 0.737898 0.536115 0.281852 0 
0.095 0 0.281576 0.53559 0.737176 0.866603 0.9112 0.866603 0.737176 0.53559 0.281576 0 
0.096 0 0.281301 0.535066 0.736455 0.865755 0.910309 0.865755 0.736455 0.535066 0.281301 0 
0.097 0 0.281026 0.534543 0.735735 0.864908 0.909418 0.864908 0.735735 0.534543 0.281026 0 
0.098 0 0.280751 0.53402 0.735015 0.864062 0.908528 0.864062 0.735015 0.53402 0.280751 0 
0.099 0 0.280476 0.533497 0.734296 0.863216 0.907639 0.863216 0.734296 0.533497 0.280476 0 
